0000000000000000000000000000
0000000000000000000000000000
0000000000000000000000000000
1111111111111111111111111111
1000004000000110000004000001
1011110111110110111110111101
1811110111110110111110111181
1011110111110110111110111101
1400000004004004004004000041
1011110110111111110110111101
1011110110111111110110111101
1000004110000110000114000001
1111110111110110111110111111
1111110111110110111110111111
1111110110004004000110111111
1111110110111001110110111111
1111110110100550010110111111
0000004004100000014004000000
1111110110100000010110111111
1111110110111111110110111111
1111110114000230004110111111
1111110110111111110110111111
1111110110111111110110111111
1000004004000110004004000001
1011110111110110111110111101
1011110111110110111110111101
1800114004004004004004110081
1110110110111111110110110111
1110110110111111110110110111
1004000110000110000110004001
1011111111110110111111111101
1011111111110110111111111101
1000000000004004000000000001
1111111111111111111111111111
0000000000000000000000000000
0000000000000000000000000000